#Atom       AtomicFlx
   5.000       0.7556
  30.000       0.8217
  36.000       0.7584
  51.000       0.5261
  65.000       0.5872
  84.000       0.6625
 100.000       0.5535
 122.000       0.4703
 138.000       0.5640
 160.000       0.5943
 172.000       0.5012
 182.000       0.5348
 197.000       0.6550
 209.000       0.5891
 226.000       0.5279
 245.000       0.6160
 252.000       0.5098
 262.000       0.4288
 286.000       0.3743
 302.000       0.4633
 309.000       0.3921
 330.000       0.3220
 349.000       0.3684
 364.000       0.4024
 383.000       0.5019
 395.000       0.5705
 414.000       0.7972
 428.000       0.8591
 439.000       0.7282
 446.000       0.6989
 468.000       0.5521
 487.000       0.5261
 506.000       0.4564
 521.000       0.4456
 532.000       0.4324
 552.000       0.4303
 584.000       0.4596
 590.000       0.4901
 605.000       0.4845
 620.000       0.4053
 644.000       0.3661
 672.000       0.3920
 678.000       0.4090
 695.000       0.3677
 712.000       0.3673
 723.000       0.3569
 737.000       0.3626
 757.000       0.3380
 779.000       0.3703
 795.000       0.3936
 814.000       0.3276
 833.000       0.3246
 843.000       0.4247
 850.000       0.4519
 860.000       0.4008
 876.000       0.4052
 895.000       0.5579
 906.000       0.6290
 930.000       0.5519
 949.000       0.6328
 961.000       0.7745
 971.000       0.8217
 978.000       0.7998
 995.000       0.6628
1010.000       0.6060
1027.000       0.5003
1046.000       0.5938
1053.000       0.5928
1077.000       0.5751
1101.000       0.5766
1120.000       0.6502
1137.000       0.6197
1158.000       0.8167
1169.000       0.8950
1186.000       0.9835
1200.000       0.7679
1212.000       0.6258
1231.000       0.6723
1247.000       0.7339
1262.000       0.7082
1283.000       0.4953
1302.000       0.6220
1308.000       0.4991
1324.000       0.4311
1338.000       0.6051
1353.000       0.7062
1375.000       0.7068
1392.000       0.8143
1411.000       1.0042
1425.000       1.2126
1437.000       0.6600
1444.000       0.4946
1461.000       0.5141
1475.000       0.4493
1491.000       0.4179
1515.000       0.4032
1530.000       0.3223
1549.000       0.3164
1559.000       0.3704
1570.000       0.3634
1580.000       0.3375
1590.000       0.3434
1609.000       0.3905
1623.000       0.4475
1640.000       0.4320
1651.000       0.3590
1663.000       0.3722
1677.000       0.3601
1691.000       0.3306
1701.000       0.3375
1711.000       0.3254
1725.000       0.3561
1744.000       0.3711
1763.000       0.3518
1782.000       0.4302
1796.000       0.5509
1810.000       0.4748
1829.000       0.4979
1836.000       0.4136
1851.000       0.4278
1857.000       0.5251
1879.000       0.5160
1894.000       0.4484
1913.000       0.4658
1927.000       0.6062
1937.000       0.6286
1957.000       0.5908
1976.000       0.7760
1993.000       0.9752
2007.000       0.9096
2024.000       0.7926
2031.000       0.6100
2043.000       0.8832
2060.000       0.6026
2076.000       0.5242
2090.000       0.4553
2114.000       0.4154
2133.000       0.4238
2145.000       0.3906
2169.000       0.4111
2193.000       0.4462
2216.000       0.5304
2222.000       0.4853
2237.000       0.4458
2256.000       0.4324
2270.000       0.4921
2285.000       0.5208
2295.000       0.5945
2322.000       0.8095
2328.000       0.9352
2342.000       0.6098
2354.000       0.5255
2369.000       0.4216
2393.000       0.3463
2405.000       0.3484
2419.000       0.3708
2433.000       0.3969
2458.000       0.3707
2464.000       0.4033
2480.000       0.4380
2490.000       0.4059
2507.000       0.4069
2517.000       0.4722
2531.000       0.5613
2545.000       0.5597
2564.000       0.5435
2588.000       0.5909
2610.000       0.6721
2629.000       0.7620
2648.000       0.9904
2662.000       1.3048
2669.000       1.1756
2684.000       1.1416
2703.000       0.7066
2722.000       0.6711
2736.000       0.6945
2755.000       0.6400
2765.000       0.5242
2776.000       0.5413
2800.000       0.5317
2817.000       0.4592
2834.000       0.4258
2853.000       0.4838
2872.000       0.4958
2884.000       0.4068
2908.000       0.3928
2925.000       0.4612
2940.000       0.4712
2950.000       0.4662
2962.000       0.8924
2984.000       0.8089
3000.000       0.4992
3010.000       0.6776
3025.000       0.7422
3031.000       0.5606
3050.000       0.5140
3069.000       0.6334
3093.000       0.7712
3104.000       0.6695
3114.000       0.5559
3141.000       0.6777
3147.000       0.8653
3157.000       0.7857
3164.000       0.5336
3188.000       0.5351
3208.000       0.4031
3227.000       0.3825
3237.000       0.3703
3249.000       0.3391
3271.000       0.3901
3282.000       0.5097
3289.000       0.4134
3299.000       0.4640
3306.000       0.4552
3321.000       0.5211
3345.000       0.5069
3352.000       0.3588
3363.000       0.3681
3387.000       0.4681
3394.000       0.3342
3413.000       0.3285
3432.000       0.3513
3442.000       0.3836
3452.000       0.3892
3471.000       0.4852
3486.000       0.5947
3492.000       0.8268
3504.000       0.7445
3511.000       0.7551
3541.000       0.5892
3547.000       0.4875
3558.000       0.3778
3582.000       0.3587
3601.000       0.3716
3617.000       0.3231
3633.000       0.3237
3652.000       0.3261
3673.000       0.3547
3687.000       0.3770
3701.000       0.4769
3708.000       0.5029
3719.000       0.6852
3736.000       0.6455
3746.000       0.7250
3760.000       0.7709
3777.000       0.7301
3789.000       0.5758
3804.000       0.5254
3828.000       0.5550
3842.000       0.5149
3866.000       0.4772
3883.000       0.4830
3902.000       0.4768
3912.000       0.4780
3927.000       0.4218
3946.000       0.5003
3953.000       0.5275
3963.000       0.4881
3974.000       0.4793
3993.000       0.5389
4012.000       0.6253
4034.000       0.5900
4051.000       0.5737
